0
2.0
4.0
8.0
16.0
32.0
64.0
-----------
0
2
4
6
8
10
12
-----------
0
0.0
0.3010299956639812
0.47712125471966244
0.6020599913279624
0.6989700043360189
0.7781512503836436
-----------
0
1
4
9
16
25
36
-----------
0
1
2
6
24
120
720
-----------
0
0.0
0.09061905828945654
0.227644691705265
0.3624762331578262
0.4885590669614942
0.6055193684736281
-----------
0
-0.5213902276543247
-0.3213712361305426
-0.2203602319903436
-0.15554146120834425
-0.10893598035898738
-----------
0
1
8
27
64
125
216
-----------
0
1.0
1.4142135623730951
1.7320508075688772
2.0
2.23606797749979
2.449489742783178
-----------
0
1
2
3
4
5
6
-----------
0
1.0
8.301029995663981
27.477121254719663
64.60205999132796
125.69897000433602
216.77815125038364
-----------
0
5
38
129
308
605
1050
-----------
0
6
6
6
6
6
6
-----------
0
1.0
2.0
4.0
8.0
16.0
32.0
-----------
0
0.0
0.6020599913279624
1.4313637641589874
2.4082399653118496
3.494850021680094
4.668907502301861
-----------
0
1.5
2.25
3.375
5.0625
7.59375
11.390625
-----------
